"PID", "Sale_Price"
908276150, 71732.0316812466
903451090, 140922.399632875
527110080, 177727.029888077
535457010, 135078.32534322
903484020, 128091.355164033
905479110, 112918.687149235
527452310, 137766.285070591
528228445, 184282.755205534
923225370, 106266.228313823
528344040, 332074.855925297
532377050, 137427.599530608
535176050, 142522.099354123
906340100, 339825.313657846
533212050, 159409.682688055
909428180, 216236.541947106
535379110, 133044.131087733
534250400, 185648.591062217
527450520, 102052.649737914
527452150, 136126.333123464
903225040, 119817.795050498
911370410, 281220.425582225
905226080, 152287.733325216
914467050, 216258.402291063
908152260, 143904.814364017
534451170, 75012.5312148091
923228310, 81170.0986882466
910201180, 153985.459287379
534476100, 138240.344605845
923225080, 131837.543707627
906223210, 228971.199692945
905480150, 75612.1100071535
903452090, 126926.537636751
527208010, 351558.731623292
906426090, 176866.39746793
903231090, 130989.717581823
535152280, 142560.297898219
528458180, 218193.289209148
532354060, 124966.231995679
909279040, 117300.457469693
527353060, 251345.95384258
916176030, 159625.399850233
533110130, 268209.363833299
911370450, 246746.250293966
528118110, 316301.943195547
528228270, 197279.184191142
905480240, 89169.7655497793
914460020, 204309.49244292
534428060, 140364.695561237
534252240, 154348.316823764
908102050, 104627.703031367
914475030, 178284.009671984
533221040, 171964.315602807
535451170, 96145.1870121387
905451340, 90514.7490460974
528118040, 482523.23922247
903200080, 201252.87215082
527162110, 185329.824020317
535381040, 168801.54201747
528174020, 206603.123580323
534400290, 162383.94013659
903206070, 135785.59283979
533252130, 203058.344225817
906382030, 224028.078261497
535327200, 133273.98360577
535455080, 114112.533481571
527354160, 182909.000193425
902207120, 92835.6714041619
909282060, 202548.133557233
902109140, 117675.360394913
902206270, 141164.651340862
533250050, 246708.367396926
909452050, 247303.163822543
527212060, 358945.890506896
906394060, 199079.572311135
534401120, 151010.423200911
528435010, 210650.079286919
528315080, 276662.551735539
909275030, 184837.36289104
528102010, 376763.022485065
907200290, 147822.934320938
902300260, 126443.876589564
528150110, 446731.567426538
535450100, 145554.192997856
907285010, 240451.128626167
533253210, 198965.880399585
527301280, 153158.853340255
905478140, 136162.68762965
902204080, 99799.4212888893
907201280, 142356.509551788
905476170, 89826.8039539592
923228210, 83467.0085914256
534226120, 128652.79601357
527301170, 236195.822493073
535453040, 140271.82592718
535150300, 248811.266119883
528363020, 335485.599657683
907265100, 207100.439072511
910200060, 136796.421146643
532376160, 134834.301923903
908204180, 69577.6019027627
909282130, 124282.720674796
528326110, 301674.689996718
534176230, 158681.328060408
527302210, 219351.642913527
526355170, 311740.139001952
535305180, 142969.568275334
905452150, 127690.57413727
902201090, 137412.135182453
527452190, 141429.572568055
908275280, 135797.118404597
527402210, 135945.095078259
921126010, 321986.623480377
905109130, 283122.414609223
535425070, 166146.48441255
905200290, 154038.628880623
533253060, 140030.305128749
535179050, 151513.583086767
903476100, 81633.2420898241
533135020, 242535.846830139
527403120, 102288.253110554
528429080, 246474.845509234
528354100, 270512.301488938
902427150, 106792.995005971
527226040, 153987.074667606
924100060, 173749.285700747
531452180, 206534.764755619
907252050, 216610.740826428
903236200, 113995.170414523
910201130, 118098.643099009
909100080, 107790.930270263
535402010, 175996.168942055
528186100, 344791.192931134
905225020, 201562.885208536
905201110, 172467.375714964
527158090, 179207.930303703
528175010, 223104.456423277
902401010, 109160.285043035
534251320, 163774.632026221
902109120, 125512.059852618
528290170, 191442.729245446
534252060, 129935.522402365
905475510, 110113.32342827
527425060, 105991.436959042
534201130, 137023.870009429
526302110, 121476.793467745
903430050, 78765.0209964649
902110130, 96213.7964946949
534401110, 145095.728783609
528231020, 182541.485195055
531479020, 71701.322617194
905403060, 128622.862436806
916326010, 217529.26094976
527365030, 234750.304619225
528228295, 213996.313142982
527455250, 128008.925429121
916403040, 199471.062314372
527252090, 287698.076141616
908225240, 111215.339303881
528228285, 169525.252882023
908178050, 243819.013332817
916326040, 174429.820224601
916380060, 256307.219489842
903204010, 137686.426651156
528144020, 219063.568384727
906204230, 251343.556832203
528168030, 285854.205900486
531369060, 184804.402471414
535451100, 98969.9062820155
906380010, 193934.509782498
527450460, 103146.171004473
534277070, 119494.968951721
532353050, 135946.002612708
527105140, 196463.781561431
908102330, 116061.083117666
907135230, 155442.620775247
908250030, 78882.2142158513
902103090, 118593.097008404
528458120, 257063.143015504
535425060, 195709.786677498
527404100, 124231.172888966
905475160, 133028.906266429
902100010, 108223.338932525
534202020, 138026.013325054
533251110, 288471.190987196
528435050, 284208.027041471
914476130, 158247.754827968
924100050, 132114.188268655
909428280, 282215.837064686
906230020, 275698.295921424
923230180, 138469.930142602
907420090, 193888.462610108
534250010, 136497.344617117
532353020, 120977.123274734
906380180, 189769.490515922
531363020, 141778.391251983
906230010, 275106.033994168
923225300, 90345.7167538478
527252050, 300215.852660476
923225440, 90540.9082676437
907280090, 234909.085906989
527183030, 196620.104013636
535402220, 172068.978133053
532376250, 126494.050433073
914474020, 205510.916400574
907275090, 220936.727272492
528138030, 337549.160117047
908154195, 252525.651385348
527402240, 160726.611662538
903228150, 123693.156640012
531451020, 196160.488718881
909275250, 160870.606836941
903484080, 98740.0628145353
534202170, 146174.609877157
906225180, 194962.775937776
916460110, 196832.293983172
528174010, 189370.491477533
528228360, 206576.328953388
903233140, 135541.584337687
535153150, 171155.091740047
533212020, 161913.225625044
909428170, 230207.627271378
534129060, 200053.636043727
527163080, 162154.597660245
908275290, 122629.366688734
903201020, 129727.757352218
528431110, 330150.536570706
903454060, 73053.890577627
903206120, 188873.417534809
527131110, 246545.1374928
906203120, 312703.683182266
908102140, 118145.730838476
527107210, 191412.241812951
923204140, 130115.697402515
527427200, 199618.164650527
528186170, 210121.99571456
906226070, 111981.301866647
527357110, 134005.026744426
534278170, 139270.774997644
534427090, 128365.280299157
905451390, 148218.615688119
534152120, 172564.280297964
535179120, 119348.165686255
528435060, 255325.747045512
534427140, 146994.919663838
903429110, 150319.011850295
535105110, 166916.745120111
528366070, 269126.123566719
534129040, 179425.283532737
535454070, 115269.632897903
903429080, 170576.293103488
906226090, 159987.967692348
534479130, 155708.645404995
527451290, 98297.067502752
527106150, 205988.511328058
916253320, 272670.878833291
916455010, 200408.239576835
907201220, 135041.745209988
908188150, 135721.637261373
527325090, 211411.021408738
906402070, 242524.050806401
909101010, 132900.959787516
528221100, 163734.184417736
528480170, 271225.007278782
906475110, 204010.235493748
903228080, 135429.560045316
528228575, 272055.281846893
907227080, 122942.134253676
905109170, 239704.960758676
528228545, 177533.74275315
534275010, 143244.980253418
903425340, 123382.479060152
902128160, 126325.03440365
533215040, 268860.612899379
911202100, 83718.0468298799
528456230, 200254.061691224
535353160, 127363.054222816
902100030, 86691.6954077112
528174070, 200937.778583944
528445070, 226993.984215901
902105060, 115905.122891041
909101140, 131403.861155785
532354160, 128905.914686827
528138060, 205548.157966238
527107090, 186519.580887045
904100090, 164991.930865158
528458130, 304697.632593399
535477130, 159859.092555361
533223010, 167176.736027384
528108140, 405298.948608362
907202130, 162535.155219795
527131030, 249755.54913908
527453010, 163497.633443145
907280170, 212741.834163997
528172030, 288383.720045508
905480210, 105336.340199872
902402010, 162401.905051868
528228555, 182200.597041485
902404010, 136061.049228592
907253110, 238730.821560655
906204150, 253314.868780652
910201050, 115187.874218465
528174030, 203089.524515438
532476050, 291076.045314896
907265030, 240734.03670364
902109160, 127288.497848979
903231240, 100922.105268732
902103150, 123993.973562414
528174040, 202389.028159015
916125425, 253064.474276128
531478010, 104449.845510012
916403250, 210633.405946477
923252080, 118249.886157676
534175140, 137703.62907485
902201120, 94485.7600067162
534276190, 112542.408699783
906392090, 249689.580482492
916402015, 190273.277688601
905103110, 125362.048744846
907203090, 122241.711763719
903205085, 127805.094168304
528110080, 344078.394587754
903225140, 123559.576756588
903458110, 101176.902963247
535325350, 135936.02006698
528439010, 228351.014041859
535355100, 111011.566653932
905100060, 128924.233193054
903231080, 111161.366229495
902300110, 96152.4308894576
527451460, 105769.492935205
535475010, 147852.119013245
528174050, 199623.304726054
527450250, 104948.289837055
905351089, 177728.216347963
535175050, 145411.010212119
923226270, 93731.3347550191
908226120, 115168.322272361
531375130, 160532.828311461
905401020, 260019.167321196
527356050, 141366.05941287
534478140, 127228.423103071
531375120, 164006.891424838
908201100, 84696.003243735
535383060, 60401.488963906
534250370, 309804.220847402
528116010, 334223.879466951
921126030, 268486.009325377
531375100, 167692.016088244
535150210, 136253.876261046
535327160, 132788.458552801
528228440, 179808.301068325
528120170, 303499.59853949
527325110, 191715.87206577
528108010, 247381.477316027
909251170, 154988.48014158
528250020, 196001.540913984
527105060, 193821.538029135
534426110, 143450.861306947
534201250, 175066.099305243
907200170, 138025.22353613
908102170, 146524.650978738
535126100, 126745.218448818
533251130, 190014.512185482
532354090, 153858.337975583
905427070, 236597.340561848
528250010, 178051.39748979
905101490, 129887.575692817
527107010, 179766.979484466
534204120, 149069.160517669
528480100, 198681.839860969
535376010, 97883.5004336762
908102260, 149984.792494734
534104100, 201226.003787178
909250220, 180786.666169604
923252075, 133416.666101088
528480040, 252037.96611781
903206160, 173605.186287212
527106050, 167466.675395826
910226060, 135876.788093636
902207080, 123099.462733725
535376100, 113103.738312816
535450160, 96174.6243914886
908186070, 142774.725804591
528385050, 221598.476809763
903200050, 89124.5363214921
903232030, 93568.6983440424
527163100, 186879.599096488
907255020, 260673.39943761
528488120, 184753.12281254
527328050, 158293.489231713
907192090, 211027.289204122
907135170, 150030.714286252
905201090, 152717.356184472
905107240, 164558.847606235
907126030, 151444.530402107
902128150, 140558.259788456
527132090, 201841.419783428
534402060, 146217.970631109
531477040, 152997.975733584
903430060, 101613.881368251
907254050, 209202.429588431
902110080, 123807.279462177
534451130, 85795.6076371545
528363110, 362625.018613615
903430040, 94787.9258783329
902306120, 141754.190654202
528290060, 152486.977857565
907202220, 139673.398855085
907192120, 199556.11344317
924100040, 210749.74507604
527368010, 237174.771725346
1007100110, 133378.627946305
902405100, 138820.319036312
527216050, 397814.324474879
527378140, 171144.972013892
528228430, 207360.520626624
526353030, 305063.98636625
528429110, 228329.891086648
916455120, 234533.02228687
535353130, 110436.815354651
910205130, 134003.876574992
535477090, 126512.14684646
907251100, 245016.185766256
527146135, 326582.486928272
902328100, 138500.702426691
535180120, 131068.441792295
528315090, 329738.33263593
532353030, 142418.430371337
533130160, 283091.095578883
531382070, 235592.01415577
909455060, 147208.998137562
909452114, 219095.116866363
909276200, 144160.99159222
527451540, 102220.771001699
527455080, 140583.194705142
528228550, 166699.441059236
903236130, 159178.772212013
527453070, 141003.597036439
535454030, 95176.704113573
907131060, 168204.71359263
535425010, 273731.295081538
534176250, 139143.061750266
923203090, 161926.505643313
923400040, 166723.448311075
535452120, 143947.227255508
908128100, 176510.855403282
905402090, 181496.841489414
907290180, 143400.252237643
527210060, 338432.997826883
534200030, 125474.600086241
535377150, 110620.542087526
902206020, 69576.142121894
532477040, 249985.027088739
535301160, 123250.527629306
908226130, 86005.0794060491
909101180, 110211.763881356
914478020, 136295.983916569
914476010, 166279.635431521
534430050, 130259.222228855
907275140, 272583.259698815
527357020, 152987.324656829
910203290, 115122.421198192
528480180, 266055.148861664
916455150, 294033.440742484
911104060, 62499.773096458
906380140, 180002.691276886
535101020, 170657.161358956
535125070, 222933.880933698
909101100, 133504.742505684
908128060, 176129.486773705
535477150, 104904.060931536
905477010, 105334.93381739
907202050, 142962.751117605
535454100, 128262.36747252
535457040, 135303.949843375
528315030, 311012.904395203
533236040, 160587.646049376
907420080, 191800.360217534
535478010, 133268.645513719
906420130, 248699.53002205
534128100, 157854.502281977
528429050, 240902.149302936
528275080, 202042.287756866
903426180, 145428.900354758
534430080, 143128.909604724
534400030, 148637.042556861
534475100, 125756.72055792
527108090, 230646.252638802
910202050, 85757.8146303503
535378020, 113092.952414104
528235130, 182371.48323794
907290070, 174707.178335621
909129100, 119766.956955289
906223080, 222331.319999223
906425045, 128312.651062488
905452120, 123179.553391472
906226100, 116223.349199472
527162130, 200143.70731318
528222020, 173782.5946396
908229020, 92928.1479682851
531363050, 139363.513495467
528482090, 263346.508659384
903231060, 29070.5825460482
923227080, 142962.478438057
914476430, 154625.887187648
528178090, 430311.347603516
534178010, 139040.789840593
528431020, 262578.118046954
531384070, 200801.576405726
911370530, 252185.110680646
905401100, 181320.895439946
909175080, 65057.3212054887
528386040, 407801.262314822
533215030, 249132.757415786
527302080, 236926.999749719
526301100, 203940.595145337
906477110, 141305.674216785
528142020, 262116.010481635
903430070, 96458.0869722603
527256120, 469815.260369935
905451330, 160880.27247176
528354060, 241863.004353292
923229110, 157045.463508179
528222090, 184079.705087579
907290040, 202161.979053612
534451050, 113863.702020696
908152270, 158383.336179413
526302030, 142678.628783142
535382150, 74748.9503881259
535180020, 158229.344047052
907401080, 200046.958644658
902302150, 140310.224215853
535325320, 128065.826804213
903233050, 130443.702455208
916403020, 198460.274506812
905107320, 135782.226005488
528186130, 356859.731955874
907181120, 194268.632678271
907275030, 220216.251308761
903456110, 196170.403850117
906380110, 232432.622686532
909425010, 247546.441325464
914453045, 292846.893831206
906394040, 224024.873537053
904100100, 218765.649017506
903233180, 129465.616621
905200350, 156545.728212135
902205090, 117776.068363967
528235170, 209531.082551809
535151100, 130260.464483526
528292040, 184254.813752863
906203140, 281875.308908381
910205020, 85291.7659677079
533250130, 285925.093760378
903225160, 107240.114570523
907295040, 232324.253761216
528110100, 434102.184073837
532376110, 126201.24890863
528290140, 193155.956113766
535401140, 140309.688975845
905226050, 147393.585494241
534478230, 143492.319333418
535451190, 112720.285622516
905476160, 103825.067930577
907290140, 143346.243341571
909277100, 141194.945238962
904101070, 211676.718163082
534427040, 148005.045046875
528240020, 190141.402907128
916455050, 204828.632670545
903232090, 150179.734982902
903226130, 117031.057334041
528250070, 198711.021580059
528218080, 173675.067852911
528431080, 231523.141778787
528431120, 255957.917659269
528228375, 243087.893843932
906385020, 198177.711749691
908103320, 127274.417182383
527105050, 187886.22656989
534275170, 146633.406547382
907202190, 140753.835964874
534128190, 238310.455248932
923227030, 150917.850095267
905426100, 191040.394336286
906201022, 193421.028753763
905103140, 157335.836549831
909251040, 153262.155172841
916125360, 167502.294215989
921205070, 274240.555654738
906340120, 288659.150662704
905427030, 372561.863156659
907187080, 176661.915486752
528231030, 177051.359657841
911370430, 313147.745782412
923203100, 176395.920806443
528366040, 340221.573538914
902477130, 38039.342357733
905101310, 143909.892271648
528275070, 240556.176492149
531380080, 231827.379896318
903236010, 117375.096117233
527163130, 188413.761646315
909250030, 120572.496894791
527105070, 194482.365328808
907131120, 197564.045614181
911175440, 74536.1083894065
535402120, 161278.601985202
908250090, 117925.323833766
527107130, 186453.243844161
535476360, 189270.286234077
535452090, 130217.36517262
535456100, 115712.729489871
903401070, 141525.233230548
908154235, 225305.701489535
909275080, 179989.473638543
528458070, 228088.748906178
906380100, 285217.821520316
535404080, 128137.172394644
902102080, 116966.899456223
533254130, 181882.893499453
528439040, 231053.981125173
528290120, 194087.894256391
905202190, 219437.009051863
902329080, 129784.556358724
905226130, 144124.150954163
916382100, 425463.178103038
903430090, 129671.106867216
903230100, 113954.73588033
916386020, 190560.380339853
906223110, 216206.642225195
910226040, 148652.636021051
535125090, 188197.365143896
528108040, 412940.53712302
903481120, 118535.769579101
908152080, 129320.746264302
531375090, 136649.211936283
533350050, 338457.205306939
528456190, 213915.511617584
527402060, 146594.675841001
906402200, 340633.23840457
903454090, 130188.433292244
533352075, 207838.449680715
528172060, 247585.397373102
904100040, 140647.160920905
533130130, 316023.945019272
923230040, 126481.746350559
903235020, 91227.4490198051
902406020, 112272.478997408
903226170, 125540.431396585
907175060, 209856.449228763
528490080, 199751.087646957
923251160, 95857.6158904625
527452100, 139418.813944215
906204180, 244449.268796249
527162180, 174096.110576859
528118050, 477096.371141674
905107220, 157838.997239698
527212050, 297428.492965043
906402060, 239592.972699098
902206220, 164783.104233576
528220040, 173620.253156456
535402230, 132164.343362003
905426010, 257519.043900673
905352030, 202254.349763095
906392070, 199627.873793191
909275040, 142413.133458672
909425130, 189570.51878094
909101060, 63945.0683001195
905104240, 130883.20284717
909475040, 329380.667884414
527105130, 263403.525154711
907200230, 127357.102681065
528102110, 461631.151005181
531475220, 140867.846201183
907280040, 234840.767680969
527276150, 111922.260525279
908225180, 89873.675215497
534431050, 199251.087090803
909250060, 210450.086280513
907410050, 206916.050255932
534128020, 204652.121583643
527358140, 209018.561309563
909475230, 329088.977887262
914476330, 189786.684232246
905101450, 140810.493825423
923252100, 127152.005339791
533242080, 182895.394721437
923228370, 91751.3905025003
909100150, 102750.411373585
534425080, 171965.299593328
909428120, 224941.364948847
527108030, 236943.49476109
923205015, 170327.583025278
533208080, 152934.372093156
526354020, 186095.644260805
905101200, 117944.781425833
905200260, 140789.546556833
528228565, 200158.595876161
534176140, 154496.469094464
903231190, 109927.503701225
910203020, 111525.900943879
902400090, 99288.5902955517
528222010, 283511.761551812
528102030, 392825.464596116
909179020, 198065.479327241
903427120, 157138.947941811
907412040, 187826.926598945
535353050, 166151.554878237
904301410, 117167.076704686
910200040, 117268.579868437
905301050, 279605.731473476
903457130, 116702.16068224
909250230, 160666.996473877
907194110, 184935.573951077
527302110, 220067.401297982
921205030, 380747.847060757
528166120, 421847.944720488
527146030, 237474.206632813
535426350, 140891.35802132
902206130, 129889.805379964
907131190, 188727.03370022
909254140, 114012.566024264
905101100, 100189.642985959
528376010, 314305.921435547
902329030, 177573.704261491
535304170, 136119.4528274
907420050, 185713.047827963
535380130, 133966.948604112
528429060, 228813.81339885
528240040, 169858.300333191
909428110, 152462.257966029
909275110, 184262.194102179
534276010, 124149.569683536
535425040, 177479.402763096
902300215, 145392.290326522
916460070, 204447.489084044
528429100, 307169.417877807
903206170, 176495.201047647
907187040, 225728.52875093
923227100, 133998.892621517
903453080, 186363.113090986
923225260, 147083.54346558
533212130, 144770.49963986
907180120, 218926.771593957
902306130, 156522.738679753
527254070, 313585.26150546
904351040, 88781.8140170235
528390210, 224759.524846764
909428190, 205540.905132236
528363130, 316288.067644088
904351280, 116979.39353619
907262030, 214752.958062094
923400025, 154388.359880058
907295020, 220816.870537746
914452090, 164442.128972438
535152010, 126411.684152224
909251030, 142317.68698685
908228040, 123663.315604563
528102090, 333856.254994641
905478030, 138598.215145239
535402180, 120552.835739191
923202220, 171127.835132674
535126010, 200352.821225236
528482130, 234492.54185107
909280030, 234197.759962787
906380050, 223309.02114816
909252110, 171017.384242385
906380190, 185170.645809688
534175100, 162454.41736015
532476080, 286871.490759411
903476090, 110258.020282232
535452140, 101913.569857764
527455030, 141336.133166933
531452260, 170080.695388767
531380110, 186538.437007089
527110120, 178052.75591933
535383110, 89680.1787246283
908152180, 140518.721543757
908186080, 138222.152398255
902106010, 152409.487140467
527182020, 161203.100298663
535403030, 129104.237117818
923201020, 136776.071020043
902110120, 126863.488033931
533215020, 281803.275093145
906225210, 164064.773025498
533208090, 179709.899311149
534400050, 164182.789579157
534276290, 108534.032774994
528445020, 228988.232714734
534403410, 165253.651543036
533238045, 294745.707650557
908276230, 116454.4567732
908203100, 93334.217813102
531451280, 201923.822738197
907180050, 187070.215855579
534403050, 149777.389856687
907410080, 214644.848570216
527106010, 218485.84506197
904302260, 114036.271815008
528290190, 164963.61055394
911370500, 289226.247261884
528292060, 246274.893381406
535457020, 165042.91967795
907227060, 123450.626893364
923275010, 147317.559185354
528477020, 233460.532982695
923204150, 115385.22692131
528106120, 258400.495464948
532479050, 147875.104250984
905200100, 126200.887844477
528176010, 520139.270683001
906394050, 179781.895309399
914478045, 138142.951928688
902125080, 94107.3426526391
528102100, 292657.044614654
527212030, 460224.950890617
914452060, 138206.203229576
902330040, 176509.172072615
531453140, 143247.439237579
907227030, 126120.877445472
534250335, 163140.335925906
534430090, 130449.922643946
527108040, 234272.817046168
909254070, 184807.927369274
531363080, 140376.609803106
903201080, 171303.692067399
916382110, 316269.970013468
534429030, 100028.678012282
903475100, 116467.451474221
534426040, 148264.703697639
902328040, 133626.898279637
528174080, 210567.529030761
902400110, 347318.502582646
923226150, 137983.108007352
909277090, 163386.030328938
907250050, 267901.06519489
527254020, 349084.451341125
909276010, 217537.974111166
535455060, 117743.500064479
903226060, 162141.144305631
535325460, 201533.669073443
533252020, 163870.715611493
902103170, 87069.1851301037
905105040, 115540.818148034
908128110, 170770.148183074
907202080, 139543.187119699
534127230, 170880.928290506
905102060, 135408.380167985
528482010, 251254.404286476
534430110, 142625.435744231
533352150, 171321.009943443
916386140, 205037.361863432
908188140, 133007.46759766
531451030, 192833.861185269
905200490, 132847.484482928
535302200, 122458.740725993
907414080, 170257.587046811
533241010, 184741.14198807
909256060, 119753.25149904
527250040, 133449.497040258
527165010, 184158.017971914
902300020, 193010.302629335
528222080, 172945.680995437
907196020, 245924.956966106
531371050, 167873.627611115
534276160, 132327.794445645
535150280, 135232.482834681
528315070, 274137.791197135
907412090, 206961.046506891
909254050, 194306.987148068
923229100, 187175.146860824
528250030, 220849.724612566
527353080, 170996.346296073
908152110, 155692.014815552
528429090, 317258.104708504
533210060, 163305.337024472
527225035, 227004.158925567
